cluster 0:
[[1.         0.9451884  0.87356857 0.93621764 0.93954221 0.88446388]
 [0.9451884  1.         0.8413858  0.93082973 0.89789213 0.92198522]
 [0.87356857 0.8413858  1.         0.85130417 0.86130595 0.80809441]
 [0.93621764 0.93082973 0.85130417 1.         0.92340454 0.89616828]
 [0.93954221 0.89789213 0.86130595 0.92340454 1.         0.86185866]
 [0.88446388 0.92198522 0.80809441 0.89616828 0.86185866 1.        ]]
cluster 1:
[[1.         0.94036353 0.92690321 0.93235684 0.9226867  0.91443656
  0.91649809 0.91291274]
 [0.94036353 1.         0.92461876 0.91897243 0.88925123 0.90274361
  0.87750159 0.91716892]
 [0.92690321 0.92461876 1.         0.92927025 0.91831123 0.91248513
  0.8954829  0.92583768]
 [0.93235684 0.91897243 0.92927025 1.         0.89846951 0.9379743
  0.90960136 0.92998665]
 [0.9226867  0.88925123 0.91831123 0.89846951 1.         0.88112748
  0.90556136 0.88210665]
 [0.91443656 0.90274361 0.91248513 0.9379743  0.88112748 1.
  0.89205247 0.91826121]
 [0.91649809 0.87750159 0.8954829  0.90960136 0.90556136 0.89205247
  1.         0.88553749]
 [0.91291274 0.91716892 0.92583768 0.92998665 0.88210665 0.91826121
  0.88553749 1.        ]]
cluster 2:
[[1.         0.9705832  0.95738479 0.95637825 0.94340996 0.87462212
  0.94245835 0.95211299 0.93493588]
 [0.9705832  1.         0.94164907 0.94812566 0.96150002 0.85355809
  0.90640846 0.94530018 0.91427279]
 [0.95738479 0.94164907 1.         0.96408768 0.97646407 0.83711413
  0.91537035 0.91630264 0.8976197 ]
 [0.95637825 0.94812566 0.96408768 1.         0.95597718 0.8386084
  0.90761907 0.91926291 0.89679649]
 [0.94340996 0.96150002 0.97646407 0.95597718 1.         0.82926886
  0.90413931 0.91876095 0.89180261]
 [0.87462212 0.85355809 0.83711413 0.8386084  0.82926886 1.
  0.82448822 0.82594669 0.81551221]
 [0.94245835 0.90640846 0.91537035 0.90761907 0.90413931 0.82448822
  1.         0.93659441 0.92133574]
 [0.95211299 0.94530018 0.91630264 0.91926291 0.91876095 0.82594669
  0.93659441 1.         0.9219218 ]
 [0.93493588 0.91427279 0.8976197  0.89679649 0.89180261 0.81551221
  0.92133574 0.9219218  1.        ]]
cluster 3:
[[1.         0.93331511 0.92824818 0.91118293 0.92350168 0.92567203
  0.92278237]
 [0.93331511 1.         0.92965886 0.92124159 0.91817698 0.916005
  0.92241266]
 [0.92824818 0.92965886 1.         0.91652656 0.93195344 0.9234316
  0.92671473]
 [0.91118293 0.92124159 0.91652656 1.         0.90586449 0.89529275
  0.8926234 ]
 [0.92350168 0.91817698 0.93195344 0.90586449 1.         0.89305719
  0.89746231]
 [0.92567203 0.916005   0.9234316  0.89529275 0.89305719 1.
  0.92928488]
 [0.92278237 0.92241266 0.92671473 0.8926234  0.89746231 0.92928488
  1.        ]]
cluster 4:
[[1.         0.9075913  0.88700739 0.86916471 0.90102382 0.87611499]
 [0.9075913  1.         0.88811578 0.9012131  0.90082786 0.89202856]
 [0.88700739 0.88811578 1.         0.85278734 0.91402573 0.84903144]
 [0.86916471 0.9012131  0.85278734 1.         0.86255693 0.90938831]
 [0.90102382 0.90082786 0.91402573 0.86255693 1.         0.8711052 ]
 [0.87611499 0.89202856 0.84903144 0.90938831 0.8711052  1.        ]]
cluster 5:
[[1.         0.93078784 0.93213938 0.92369358]
 [0.93078784 1.         0.88537001 0.90854726]
 [0.93213938 0.88537001 1.         0.90713719]
 [0.92369358 0.90854726 0.90713719 1.        ]]
cluster 6:
[[1.         0.92675842 0.87637271 0.84176079 0.84747378 0.88005438]
 [0.92675842 1.         0.8711597  0.8436562  0.85607087 0.89812634]
 [0.87637271 0.8711597  1.         0.8031516  0.88029824 0.90403118]
 [0.84176079 0.8436562  0.8031516  1.         0.79195346 0.81425573]
 [0.84747378 0.85607087 0.88029824 0.79195346 1.         0.88533252]
 [0.88005438 0.89812634 0.90403118 0.81425573 0.88533252 1.        ]]
