cluster 0:
[[1.         0.49428771 0.18459185 0.43874304 0.45862076 0.21552678]
 [0.49428771 1.         0.11546218 0.40820478 0.26019687 0.3622843 ]
 [0.18459185 0.11546218 1.         0.13367788 0.15469207 0.06970698]
 [0.43874304 0.40820478 0.13367788 1.         0.36931767 0.25402097]
 [0.45862076 0.26019687 0.15469207 0.36931767 1.         0.15593752]
 [0.21552678 0.3622843  0.06970698 0.25402097 0.15593752 1.        ]]
cluster 1:
[[1.         0.46365741 0.38719509 0.41665538 0.36574487 0.32690364
  0.33623628 0.32015908]
 [0.46365741 1.         0.37543414 0.34776111 0.23057166 0.27832699
  0.19525354 0.33932562]
 [0.38719509 0.37543414 1.         0.399738   0.34464637 0.31828962
  0.25160323 0.38166793]
 [0.41665538 0.34776111 0.399738   1.         0.26229606 0.44914517
  0.30594175 0.40360724]
 [0.36574487 0.23057166 0.34464637 0.26229606 1.         0.20558164
  0.28938335 0.20845567]
 [0.32690364 0.27832699 0.31828962 0.44914517 0.20558164 1.
  0.23981702 0.34441176]
 [0.33623628 0.19525354 0.25160323 0.30594175 0.28938335 0.23981702
  1.         0.21881995]
 [0.32015908 0.33932562 0.38166793 0.40360724 0.20845567 0.34441176
  0.21881995 1.        ]]
cluster 2:
[[1.         0.68850902 0.58020507 0.5726261  0.48278717 0.187394
  0.47673507 0.54150958 0.43129341]
 [0.68850902 1.         0.47164312 0.51383506 0.61216183 0.13816992
  0.29278537 0.49501885 0.32617257]
 [0.58020507 0.47164312 1.         0.63307722 0.74251182 0.10834489
  0.33110103 0.33534106 0.25921175]
 [0.5726261  0.51383506 0.63307722 1.         0.56963156 0.11078733
  0.29771118 0.34913766 0.25625582]
 [0.48278717 0.61216183 0.74251182 0.56963156 1.         0.09631457
  0.28375395 0.34676206 0.23897871]
 [0.187394   0.13816992 0.10834489 0.11078733 0.09631457 1.
  0.08959953 0.091601   0.07814134]
 [0.47673507 0.29278537 0.33110103 0.29771118 0.28375395 0.08959953
  1.         0.44095528 0.35910707]
 [0.54150958 0.49501885 0.33534106 0.34913766 0.34676206 0.091601
  0.44095528 1.         0.3619729 ]
 [0.43129341 0.32617257 0.25921175 0.25625582 0.23897871 0.07814134
  0.35910707 0.3619729  1.        ]]
cluster 3:
[[1.         0.42204009 0.3942769  0.31265809 0.36980358 0.38081518
  0.3662192 ]
 [0.42204009 1.         0.4018326  0.35864864 0.34401707 0.33398198
  0.36438938]
 [0.3942769  0.4018326  1.         0.33636684 0.41440758 0.36945296
  0.38621203]
 [0.31265809 0.35864864 0.33636684 1.         0.29059656 0.25093621
  0.24174269]
 [0.36980358 0.34401707 0.41440758 0.29059656 1.         0.24321529
  0.2586442 ]
 [0.38081518 0.33398198 0.36945296 0.25093621 0.24321529 1.
  0.39981667]
 [0.3662192  0.36438938 0.38621203 0.24174269 0.2586442  0.39981667
  1.        ]]
cluster 4:
[[1.         0.29759733 0.22340376 0.17329101 0.27177117 0.19143172]
 [0.29759733 1.         0.22691847 0.27248569 0.27103327 0.23973669]
 [0.22340376 0.22691847 1.         0.13661844 0.32507251 0.1292847 ]
 [0.17329101 0.27248569 0.13661844 1.         0.15752413 0.30504722]
 [0.27177117 0.27103327 0.32507251 0.15752413 1.         0.17818969]
 [0.19143172 0.23973669 0.1292847  0.30504722 0.17818969 1.        ]]
cluster 5:
[[1.         0.40797519 0.41544227 0.37076528]
 [0.40797519 1.         0.21830319 0.3015394 ]
 [0.41544227 0.21830319 1.         0.2957414 ]
 [0.37076528 0.3015394  0.2957414  1.        ]]
cluster 6:
[[1.         0.38643974 0.19213681 0.11610707 0.1263509  0.2024738 ]
 [0.38643974 1.         0.17832908 0.11941772 0.14334136 0.26104652]
 [0.19213681 0.17832908 1.         0.06456083 0.20317624 0.28333005]
 [0.11610707 0.11941772 0.06456083 1.         0.05416837 0.07664967]
 [0.1263509  0.14334136 0.20317624 0.05416837 1.         0.21818766]
 [0.2024738  0.26104652 0.28333005 0.07664967 0.21818766 1.        ]]
